J 0 -1.05 0.35 0.7 0.5
T 0.174 -0.040 0.268 1.0
J 0 -1.05 0.353 0.704 1.0
T 0.135 0.000 0.123 1.0
T 0.131 0.000 0.143 1.0
T 0.174 0.040 0.168 1.0
J 0 -1.05 0.353 0.704 1.0
T 0.174 -0.040 0.168 1.0
J 0 -1.05 0.353 0.704 1.0
J 0 -1.05 0.35 0.7 1.0
J 0 -1.05 0.353 0.704 1.0
J 0 -1.05 0.35 0.7 1.0
J 0 0 0 0 1.0
J 0 -1.05 0.353 0.704 1.0
T 0.135 0.000 0.123 1.0
T 0.131 0.000 0.153 1.0
G -0.01 1.0
G 0.01 1.0
J 0 0 0 0 1.0
J 0 -1.05 0.353 0.704 1.0
J 0 -1.05 0.35 0.7 1.0
J 0 0 0 0 1.0
J 0 -1.05 0.353 0.704 1.0
T 0.135 0.000 0.123 1.0
T 0.131 0.000 0.153 1.0
G 0.01 1.0
J -0.001 0.463 -0.313 1.440 2.0
G 0.01 1.0
G -0.01 1.0
J 0 -1.05 0.35 0.7 2.0
J 0 -1.05 0.353 0.704 2.0
T 0.040 -0.117 0.223 1.0
T 0.131 0.000 0.143 1.0
G -0.01 1.0
J 0 -1.05 0.35 0.7 2.0
J 0 -1.05 0.353 0.704 2.0
T 0.005 0.117 0.223 1.0
T 0.131 0.000 0.143 1.0
G -0.01 1.0
J 0 -1.05 0.35 0.7 2.0
J 0 0 0 0 2.0
J 0 -1.05 0.353 0.704 2.0
J -0.001 0.463 -0.313 1.440 2.0
G 0.01 1.0
J 0 -1.05 0.35 0.7 1.0
T 0.190 -0.084 0.055 2.0
T 0.134 0.0 0.240 2.0
J 0 -1.05 0.35 0.7 1.0
