J 0 -1.05 0.353 0.704 5.0
J 0 -1.05 0.353 0.704 1.5
T 0.174 0.040 0.268 0.5
J 0 -1.05 0.353 0.704 0.5
T 0.174 -0.040 0.268 0.5
J 0 -1.05 0.353 0.704 0.5
T 0.135 0.000 0.123 1.0
T 0.131 0.000 0.143 0.5
T 0.174 0.040 0.168 0.5
J 0 -1.05 0.353 0.704 0.5
T 0.174 -0.040 0.168 0.5
J 0 -1.05 0.353 0.704 0.5
J 0 -1.05 0.35 0.7 0.5
J 0 -1.05 0.353 0.704 0.5
J 0 0.466 -0.308 00.440 1.5
T 0.000 -0.213 0.127 1.0
J 0 0.466 -0.308 00.440 1.5
T 0.000 -0.213 0.127 1.0
J 0 -1.05 0.35 0.7 0.5
J 0 0.466 -0.308 00.440 1.5
T 0.000 0.213 0.127 1.0
J 0 0.466 -0.308 00.440 1.5
T 0.000 0.213 0.127 1.0
J 0 -1.05 0.35 0.7 0.5
J 0 -1.05 0.353 0.704 1.0
T 0.040 -0.217 0.223 0.5
T 0.131 0.000 0.143 1.0
G -0.01 0.5
J 0 -1.05 0.35 0.7 1.0
J 0 -1.05 0.353 0.704 1.0
T 0.005 0.217 0.223 0.5
T 0.131 0.000 0.143 1.0
G -0.01 0.5
J 0 -1.05 0.35 0.7 1.0
J 0 0 0 0 1.5
J 0 -1.05 0.353 0.704 1.5
T 0.135 0.000 0.123 1.5
T 0.131 0.000 0.153 0.5
G -0.01 0.5
